1   2001  3001  osvetljenje   230.  1.  0.8  1.  1.  1.6  0.00510  1  0   378.
2   2001  3002  osvetljenje   230.  1.  0.8  1.  1.  1.6  0.00723  1  0   228.
3   2001  3003  prikljucnice  230.  1.  0.8  1.  1.  1.6  0.00631  1  16  1500.
4   2001  3004  prikljucnice  230.  1.  0.8  1.  1.  1.6  0.01015  1  16  1500.
5   2001  3005  el_stednjak   400.  1.  0.8  1.  1.  1.6  0.00585  3  16  7000.
6   2001  3006  bojler_kup    230.  1.  0.8  1.  1.  1.6  0.00380  1  16  2000.
7   2001  3007  bojler_kuh    230.  1.  0.8  1.  1.  1.6  0.00585  1  16  1500.
8   2001  3008  el_grejalica  230.  1.  0.8  1.  1.  1.6  0.00277  1  16  1000.
9   2001  3009  masina_posud  230.  1.  0.8  1.  1.  1.6  0.00511  1  16  2000.
10  2001  3010  prikljucnice  230.  1.  0.8  1.  1.  1.6  0.01153  1  16  2000.
11  2001  3011  masina_ves    230.  1.  0.8  1.  1.  1.6  0.00154  1  0   2500.
12  2001  3012  el_zujalica   230.  1.  0.8  1.  1.  1.6  0.00000  1  0   0.

13  2002  3013  osvetljenje   230.  1.  0.8  1.  1.  1.6  0.00510  1  0   378.
14  2002  3014  osvetljenje   230.  1.  0.8  1.  1.  1.6  0.00723  1  0   228.
15  2002  3015  prikljucnice  230.  1.  0.8  1.  1.  1.6  0.00631  1  16  1500.
16  2002  3016  prikljucnice  230.  1.  0.8  1.  1.  1.6  0.01015  1  16  1500.
17  2002  3017  el_stednjak   400.  1.  0.8  1.  1.  1.6  0.00585  3  16  7000.
18  2002  3018  bojler_kup    230.  1.  0.8  1.  1.  1.6  0.00380  1  16  2000.
19  2002  3019  bojler_kuh    230.  1.  0.8  1.  1.  1.6  0.00585  1  16  1500.
20  2002  3020  el_grejalica  230.  1.  0.8  1.  1.  1.6  0.00277  1  16  1000.
21  2002  3021  masina_posud  230.  1.  0.8  1.  1.  1.6  0.00511  1  16  2000.
22  2002  3022  prikljucnice  230.  1.  0.8  1.  1.  1.6  0.01153  1  16  2000.
23  2002  3023  masina_ves    230.  1.  0.8  1.  1.  1.6  0.00154  1  0   2500.
24  2002  3024  el_zujalica   230.  1.  0.8  1.  1.  1.6  0.00000  1  0   0.

25  2003  3025  osvetljenje   230.  1.  0.8  1.  1.  1.6  0.00510  1  0   378.
26  2003  3026  osvetljenje   230.  1.  0.8  1.  1.  1.6  0.00723  1  0   228.
27  2003  3027  prikljucnice  230.  1.  0.8  1.  1.  1.6  0.00631  1  16  1500.
28  2003  3028  prikljucnice  230.  1.  0.8  1.  1.  1.6  0.01015  1  16  1500.
29  2003  3029  el_stednjak   400.  1.  0.8  1.  1.  1.6  0.00585  3  16  7000.
30  2003  3030  bojler_kup    230.  1.  0.8  1.  1.  1.6  0.00380  1  16  2000.
31  2003  3031  bojler_kuh    230.  1.  0.8  1.  1.  1.6  0.00585  1  16  1500.
32  2003  3032  el_grejalica  230.  1.  0.8  1.  1.  1.6  0.00277  1  16  1000.
33  2003  3033  masina_posud  230.  1.  0.8  1.  1.  1.6  0.00511  1  16  2000.
34  2003  3034  prikljucnice  230.  1.  0.8  1.  1.  1.6  0.01153  1  16  2000.
35  2003  3035  masina_ves    230.  1.  0.8  1.  1.  1.6  0.00154  1  0   2500.
36  2003  3036  el_zujalica   230.  1.  0.8  1.  1.  1.6  0.00000  1  0   0.

37  2004  3037  osvetljenje   230.  1.  0.8  1.  1.  1.6  0.00510  1  0   378.
38  2004  3038  osvetljenje   230.  1.  0.8  1.  1.  1.6  0.00723  1  0   228.
39  2004  3039  prikljucnice  230.  1.  0.8  1.  1.  1.6  0.00631  1  16  1500.
40  2004  3040  prikljucnice  230.  1.  0.8  1.  1.  1.6  0.01015  1  16  1500.
41  2004  3041  el_stednjak   400.  1.  0.8  1.  1.  1.6  0.00585  3  16  7000.
42  2004  3042  bojler_kup    230.  1.  0.8  1.  1.  1.6  0.00380  1  16  2000.
43  2004  3043  bojler_kuh    230.  1.  0.8  1.  1.  1.6  0.00585  1  16  1500.
44  2004  3044  el_grejalica  230.  1.  0.8  1.  1.  1.6  0.00277  1  16  1000.
45  2004  3045  masina_posud  230.  1.  0.8  1.  1.  1.6  0.00511  1  16  2000.
46  2004  3046  prikljucnice  230.  1.  0.8  1.  1.  1.6  0.01153  1  16  2000.
47  2004  3047  masina_ves    230.  1.  0.8  1.  1.  1.6  0.00154  1  0   2500.
48  2004  3048  el_zujalica   230.  1.  0.8  1.  1.  1.6  0.00000  1  0   0.

49  2005  3049  osvetljenje   230.  1.  0.8  1.  1.  1.6  0.00510  1  0   378.
50  2005  3050  osvetljenje   230.  1.  0.8  1.  1.  1.6  0.00723  1  0   228.
51  2005  3051  prikljucnice  230.  1.  0.8  1.  1.  1.6  0.00631  1  16  1500.
52  2005  3052  prikljucnice  230.  1.  0.8  1.  1.  1.6  0.01015  1  16  1500.
53  2005  3053  el_stednjak   400.  1.  0.8  1.  1.  1.6  0.00585  3  16  7000.
54  2005  3054  bojler_kup    230.  1.  0.8  1.  1.  1.6  0.00380  1  16  2000.
55  2005  3055  bojler_kuh    230.  1.  0.8  1.  1.  1.6  0.00585  1  16  1500.
56  2005  3056  el_grejalica  230.  1.  0.8  1.  1.  1.6  0.00277  1  16  1000.
57  2005  3057  masina_posud  230.  1.  0.8  1.  1.  1.6  0.00511  1  16  2000.
58  2005  3058  prikljucnice  230.  1.  0.8  1.  1.  1.6  0.01153  1  16  2000.
59  2005  3059  masina_ves    230.  1.  0.8  1.  1.  1.6  0.00154  1  0   2500.
60  2005  3060  el_zujalica   230.  1.  0.8  1.  1.  1.6  0.00000  1  0   0.

61  2006  3061  osvetljenje   230.  1.  0.8  1.  1.  1.6  0.00510  1  0   378.
62  2006  3062  osvetljenje   230.  1.  0.8  1.  1.  1.6  0.00723  1  0   228.
63  2006  3063  prikljucnice  230.  1.  0.8  1.  1.  1.6  0.00631  1  16  1500.
64  2006  3064  prikljucnice  230.  1.  0.8  1.  1.  1.6  0.01015  1  16  1500.
65  2006  3065  el_stednjak   400.  1.  0.8  1.  1.  1.6  0.00585  3  16  7000.
66  2006  3066  bojler_kup    230.  1.  0.8  1.  1.  1.6  0.00380  1  16  2000.
67  2006  3067  bojler_kuh    230.  1.  0.8  1.  1.  1.6  0.00585  1  16  1500.
68  2006  3068  el_grejalica  230.  1.  0.8  1.  1.  1.6  0.00277  1  16  1000.
69  2006  3069  masina_posud  230.  1.  0.8  1.  1.  1.6  0.00511  1  16  2000.
70  2006  3070  prikljucnice  230.  1.  0.8  1.  1.  1.6  0.01153  1  16  2000.
71  2006  3071  masina_ves    230.  1.  0.8  1.  1.  1.6  0.00154  1  0   2500.
72  2006  3072  el_zujalica   230.  1.  0.8  1.  1.  1.6  0.00000  1  0   0.

73  2007  3073  osvetljenje   230.  1.  0.8  1.  1.  1.6  0.00510  1  0   378.
74  2007  3074  osvetljenje   230.  1.  0.8  1.  1.  1.6  0.00723  1  0   228.
75  2007  3075  prikljucnice  230.  1.  0.8  1.  1.  1.6  0.00631  1  16  1500.
76  2007  3076  prikljucnice  230.  1.  0.8  1.  1.  1.6  0.01015  1  16  1500.
77  2007  3077  el_stednjak   400.  1.  0.8  1.  1.  1.6  0.00585  3  16  7000.
78  2007  3078  bojler_kup    230.  1.  0.8  1.  1.  1.6  0.00380  1  16  2000.
79  2007  3079  bojler_kuh    230.  1.  0.8  1.  1.  1.6  0.00585  1  16  1500.
80  2007  3080  el_grejalica  230.  1.  0.8  1.  1.  1.6  0.00277  1  16  1000.
81  2007  3081  masina_posud  230.  1.  0.8  1.  1.  1.6  0.00511  1  16  2000.
82  2007  3082  prikljucnice  230.  1.  0.8  1.  1.  1.6  0.01153  1  16  2000.
83  2007  3083  masina_ves    230.  1.  0.8  1.  1.  1.6  0.00154  1  0   2500.
84  2007  3084  el_zujalica   230.  1.  0.8  1.  1.  1.6  0.00000  1  0   0.

85  2008  3085  osvetljenje   230.  1.  0.8  1.  1.  1.6  0.00510  1  0   378.
86  2008  3086  osvetljenje   230.  1.  0.8  1.  1.  1.6  0.00723  1  0   228.
87  2008  3087  prikljucnice  230.  1.  0.8  1.  1.  1.6  0.00631  1  16  1500.
88  2008  3088  prikljucnice  230.  1.  0.8  1.  1.  1.6  0.01015  1  16  1500.
89  2008  3089  el_stednjak   400.  1.  0.8  1.  1.  1.6  0.00585  3  16  7000.
90  2008  3090  bojler_kup    230.  1.  0.8  1.  1.  1.6  0.00380  1  16  2000.
91  2008  3091  bojler_kuh    230.  1.  0.8  1.  1.  1.6  0.00585  1  16  1500.
92  2008  3092  el_grejalica  230.  1.  0.8  1.  1.  1.6  0.00277  1  16  1000.
93  2008  3093  masina_posud  230.  1.  0.8  1.  1.  1.6  0.00511  1  16  2000.
94  2008  3094  prikljucnice  230.  1.  0.8  1.  1.  1.6  0.01153  1  16  2000.
95  2008  3095  masina_ves    230.  1.  0.8  1.  1.  1.6  0.00154  1  0   2500.
96  2008  3096  el_zujalica   230.  1.  0.8  1.  1.  1.6  0.00000  1  0   0.